Valéry, Paul, 85, 237n63 Valuation, 218, 219, 224
Vector, 22, 25, 66, 70, 71, 75, 76, 89, 127,
155, 170, 218, 224. See also Inflection
Virtual, 10, 27, 37, 41, 42, 46, 65, 66, 71,
73, 79, 80, 84, 86, 88, 99, 129, 134, 136,
147, 193, 199, 220, 227
actual and, 19, 22, 27, 90, 118, 126, 160,
164, 166, 167, 181, 201, 203, 210, 216,
223, 240n91
becoming-virtual, 36, 62, 68, 110, 114, 128
body, 28, 88, 123, 137
event, 36, 117, 212
force, 15, 18, 110, 120, 203, 217, 222
and interval, 15, 18, 24, 35, 113, 114
movement, 43, 87, 108, 128, 193, 237n68, 239n81
and nexus, 68, 197
node, 31, 38, 95, 124, 125, 127, 141, 217,
221, 222, 224, 225
and potential, 25, 72, 129, 210, 217, 220,
224
and preacceleration, 16, 62, 72, 114, 117
268	Index