Fact, 187, 190, 192, 195–197, 200, 203,
204, 206
Fascism, 123, 132, 135–137
Feeling, 46, 80, 203, 214, 219, 220, 225
(see also Prehension) Feldenkrais, Moshe, 43–46
Flight, line of, 36, 122, 175
Fold, 33, 34, 52, 77, 128, 156, 175
Force, line of, 91, 136
Force-field, 85, 108, 129, 145
Force-taking-form, 9, 10, 13, 15, 26, 28,
33, 35, 92, 102, 106, 111, 116, 129, 190
Form, 5, 6, 33, 47, 80, 124, 125, 137, 145,
158, 183, 196, 218, 221, 222
almost-form, 41, 143, 147
animate, 8, 115, 116, 127, 150
becoming-form (see Becoming-form) and body, 17, 26, 71, 103
dynamic, 6, 16, 128–130, 138, 140, 143,
148, 150, 221, 223
and event, 56, 212
force of, 9, 10, 13, 15, 26, 28, 33, 35, 92,
102, 106, 111, 116, 129, 190
in-formation, 27, 31, 71, 94, 106, 187,
226
matter-form, 15, 18, 19, 27, 33, 40, 71,
78, 81, 128, 129, 130, 222
and movement, 45, 47, 78, 81, 83, 85, 87,
90, 100, 117, 129, 136, 143, 163, 181,
Index	261