Molar, 24
Molecular, 24, 33, 73, 129
Monad, 23, 73
Morphogenesis, 32, 55
Movement, 13, 30, 34, 36, 39, 44, 45, 46,
50, 54, 70, 97, 105, 120, 233n31
absolute, 15, 16, 50, 54, 57, 128, 136, 150,
175
actual, 25, 62, 87, 130
and becoming, 8, 30, 31, 34, 37–39, 46,
111, 117, 123, 128, 130, 131, 139, 159,
214
and constraint, 29, 30, 37, 70, 91, 230n10
and duration, 20, 27
and expression, 14, 16, 92, 203
and form, 45, 47, 78, 81, 83, 85, 87, 90,
100, 117, 129, 136, 143, 163, 181, 187,
189, 193, 195–197, 204, 212, 215, 220,
221, 231n25
and incipiency, 5, 6, 14, 35, 52, 59, 62,
72, 84, 88, 90, 95, 102, 103, 105, 113,
115, 117, 118, 121, 123, 125, 139, 140,
198
and individuation, 15, 18
and intensity, 6, 17, 35, 46, 74, 102, 118,
141, 175, 188, 223
and interval, 27, 30–32, 36, 37, 39, 40,
95, 102, 244n123
micromovement (see Micromovement) and multiplicity, 17, 26, 49, 117
and perception, 91, 97, 111, 114, 117,
148, 150, 238n74
and potential, 13–15, 17, 18, 21, 26, 27,
34–36, 39, 41, 47, 52, 62, 65, 86, 91,
116, 132, 170
and preacceleration, 7, 13, 17, 18, 20, 31,
57, 62, 89, 114
qualitative, 13, 17, 20, 121, 188
relational, 13, 14, 26, 27, 29–36, 38–41,
102, 103, 108, 111, 218, 219, 230n10
relative, 15, 150
representation of, 16, 25, 74, 84, 85, 88,
103, 161